278

11111111111ΠΙ28,11. 71111, HH 10, 1. 22, e. 74014411, v1
0¹ (ame eocazem)14, 9. 6, 1. 9, 1. 15, 1. 7, 19. 8, 9. 9,1. 37, 19. VH 3811. 45,
1.16,11-30,125,11.26,113011. 15. 46, 19. (1)1ΠΙ25, 11,, 26,,
31,11. 32113811. 31,, 4111. 6.37,1.711,1.26,11.32,1. 71155,
42, 9. 43, 9. 48, e. 19. 50, 19. 53, 9. H 1116818311. (p) Ι 211. 11. 8,
4,15,6,1‚ 8,9, 9‚1. 12,1. 1311. 11311391. Π8,1.29,1, 1Π4,
15, 1. 25, 10. 26, 11. 27, 9. 29,1. 130, 11.9,1.11,11.14,6.22,1. 1111 3,1.
1. 33, 1. 1· HI 2, e. 4, 9. 9, 99. 12, 9. 12,1125,11,33,1.72,1,13,1,21,
14, 1113111. 21, e. 26, 15. 28, 11. HH 10. 19. 26, 1. 28, 11. 37, 1146, 10, 56,
2,1.12 11. 18, c. 22,11. 24, 9. 30, 11. 1. 7Ι 11, 1. 23, 19. 34, 9. VH 5, 11, 7,
31,1(61’1).1.32,11. 33,1.1. 35,1. 9. 25, 11. 11. 26, 1. 32, 5. 44, 1. ,55
36,1.7 3,11.6,11,10,ε.13,11,14, 11].59,11.64,11.65,1ο.69,1.7·,1,
10.16,7.17,5,11. 19,(1, 21,1. 23,1, 81, 15. 85, 1. 87, 5, 9· (q)1 4011.
31, 11.32,1.35,1.43,1,11.11. 48,1. ΠΙ 17,1. HH1,1.10,10‚ V 20,,
60151, 111. 56,1, 7111, 10,,1, 24, 5. 37, 10. 7125,11. 36,11, VII
30, '1- 32, 11. 34, 11. 37, 11. 3911. 40, 8311. (1)Ι20,11. ΙΙ4,1, 11113,
11.43,1. 7Π 2, 9. 4, 8. 7, 10. 11,1. 111Π 5,1.10,1. 32111. 42,1, 71
14.16.12,4.14,1,15,11.13,1. 21,1, 13,11.22,1ι,37,3, VH 80‚19.89,
33,1. 9112. 27,1.28 1111. 113111. 9, (1)118,,48,,,1119,,,,11,,
33, 11. 36, 1. 11, ,1611 42,1ο. 45, 29, 1111118,15. ΠΠ 281, 161.
8. 11. 47, 19. 19. 49, 1. 57, 9. 65, 9. 66, 9,11.11. 15, 5. e. 19, 9. 71 9, 11, 19,
16317317611731- 8111. 11. 9. 30, 11. 31, e. 42, 9. 7ΙΙ 12, 11. 73,
8111183,1.84,1,1.186,1.88,11. 11.82,1.(1) Π12,1.27,1ο, ΠΙ 20,.1,
1111715)ΙΙ3,1.ΙΠ9,·11.14,11.ΠΠ ΠΠ 15,1.16, 11. 181341. 723,
,,. 11. v 1111111111 11,, (e) ,11 11, 5. vn 13, 1⁷. 16, ,, 88, ,,,
113,11. 14, 19. 211, 95, 1. 30,,1. 31, (1) I 4, 1. 113311. ΠΠ23, 11. 7 19,
11511152,1,Π8,11.16,1,17,1.29, 138171 27,1. 7118118111.
1.33,1.Π15,11.18,1,11.ΙΠ115,1. exagitati (pl. H 29, 11, 1111 1,5,
28138111. 31,1. 32,1. 37,1. 7 examinatis( 7. [.)712,9,

8, 11· 9· ²· ,11, ⁶· 13, 4· 33, 7, 25, 6· 31, exanimauit Vi 31, 11. exanimentur 71
11140, 1148152, 11. 58, 5. 711, 16, 10. 111111111171111, 10. ex·
5. 8, 11. 13, 11.35,11.19·36,1.37,11· animato (d. m) VH 95, 11, (abl. m.)

31131341111313ς 111111111111411111·

1. 49,1. 51,1. 53 1. 68, 1. 74, 6- 15, 4· exarsit V 4, 11.

11 ceneten-2316 ...tn 1 ³12· ...11 1

,9,1),,,11,1,,,,,43,,Ι (1)Π12,,, 33, e exaudiri VH 61, 1. exaudito (abl.

11. 111 11, ,, 1111 1, ,, 11, 1. 11, ,1 ,41811 11, 11. VH 471- 48, 1.
56,1. 71321.35,1.11.41,143,1. ·’·
7112011. 2811. 331. 551, 51, excedunt 1111 33, e. excedant V

1721188111,ξ)131,,,,Π111, 36, 9. VH 78, 9. 1111611111 25,
171311. 71 ,8, 331, 11146, 1.V1133 8. 661. excedend1 ΠΙ 4,

5⁸ (1111010111,29,,,39,,,, 10. 1111415117 19,1, excedebant
311691911111311111 3 ,3 1161. 13333333
{311}1121'11'1121121'1912', 11, 7 35, 9. 11111111111ΠΠ14,11.

15. 91. 28, t. 41, 11. 44, 5. 47, 9. 19. 52, 1111.
1715123,11.28,1.1.32,11.7Π excellit VI 13, 19.

1‚1e. 10, 5. 11,19. 391. 9. 75, 19, 83, 9. excelsius (11. 11.) 71 26,1,
(1)Π23,1.11.26,11.35,1.ΠΙ4,1. excc tene 71147, ,1,

5, 11. 15,1. 25,1, 1111101. 23, e. 11113111 7Π 50, 11.

26, 1. 27, 11. 3811. V 9, 9. 11, 5. 71 excipit VH 88, 5. excipiunt VI 35‚1³·
35, 10· 36, 11. 37, 15. 71117 11. 19, 7Π 3, 9 exciperent HI 5, 19. 13,
7- 36, 11333681 1811381. 42, 9. 1111 17, 11. 7 16, 11. excepit VH
19. 1113,10.30‚6. ΠΙ 2, 11.26,11. 28, 15. exceperunt Ι 52, 9. VH 51,

 

