(91.7) 7,249, Fabium 746, 5. 53,9.
7Π40,5. 41, 11. 87,.9 9091191419
145,9,716,1. 71141, 5.
19941949 (m) Ι 21, 4. ΠΙ 25, 9 facilem
{444334‘44' 447011θ 271141 1819918199
44 44 5
199119(9419.)Ι2.19.6,.4 11,9.25,.4
3719 111,146,4. 18,9. 1949
1Π13,.1914,9123,45.ΠΠ16,9.
722, 19. 27, 15. 9ο. 33, 9. 38, 10. 7Π
4, 5, 15, 19. 25, 4. 48.11. 72, 9. 84,
9, facilius (94144.) 1 2, 9, 8, 5. H 17,
14. 25, 15. 11119, 44, 13, 494, V3,
19. 717, 91. VH 5, 5. 29, 15. 66..4
77, '41. facillume V 24, 15. facillime
1991999 (41.) 71 13, 19. facinoris V 56,
91991999 ccc.) Π19,9, 71209,
1119199491 ,,99 7134, 94. 7Π38,
44. 42..9 43 9
1991141154. '1119,9111510. 71,
9,,37449,.9 7130,4. 7118719.
1991991111,4,,Π95. 1116,.4 21,
49. 737,14. 7110, 1c.39,1c. 711
42,.943,5, 1991941120, 44. 77,,45
27, 91. 49, 9. 56, 14 71 11, 11 711
86,4. 19919911 15,4, Π2,4, H11
l,19. 737.4. 7111, 44, 66, 19. fa·
994913,4.5,9.79.19. 11.8,19. 10,
9301932435 49 3694091
42, 5944, 19113, 4. 324, 11122,
9,27,,,5ΠΠ74, 16 4971428
942,.1146,.4 7Ι8,5.33,41. 711
7,,421,.926,4,,9,27 34,44 42,,49
56, 19. 58,,44 66,.19 889 ,73,5 77,
94 1991991991 (m.) VH 424 19919-
b991H17,19. 1991911991 Π 30, 9.ΠΙ
12, 44 faceret 113, 9 36, 9 44, 95.
1H1719.1111119 21,1. 7141,
9. 71111, 4. 17. 19. 66,4. 19994991
128,9, 32,,4 11174191919,11.
19911129, 28,9,46,4,48,,4 58,.9
1H115,10.V4198,9. 1991499971
995. 19991919145, 49. 25, 5. 52,
5,1111,.,4194926, 1933, 49, 111
28, 19. ’ΠΠ3,49 26, 44 717, 5. 20,
19. VH47,9. 77,99. 11οῌ19839
mm91H,9HMfflmVfflm
VH 38, 94. 19994199 131, 49. V 1, 91.
34, 19711 5,14. 1991999 113, 5 7
27, 11. 1999491110,4.78,1935,9.
19994991ΙΠ29, 44, 1111 46, 19. 38,
919919991119, 5. 35, 49 48, 99, 41,
4116, 19. 16,4,3,25Π1111, 9. 32,
4 7 47, 10. 711 53,9 feci'ssenti

281

3319 36 4446 11 Π1122,5. 71
32,,44 7Π47, 15. 1991913149. HH
30,9, 711649 999919919499109.)
144, 49 44, 99, iacturum (m.)1 33,
4. H 32,.5 771919949499114.
19. 1ΠΙ22,.527.9, 719,.,.5209
2917Π2966,11.90.1.19919-
199H35,4fi94118‚9.V40,.9
71104. VH15907 14 7019
79, 9. 88, 9,,44 1419V123, 44 fiat
7129,19,7Π70,5,1191·1142,4
Π4,4,,,,,54289 Π14.4.915,9.
18,41,9926,.9 29,9. IIH19,5.
2319. 71,.’.,91129...,’419615.
33, 15. 56, 45, 71 23, 19. 29, 19. VH
16,5,,275, 45,44,73,.,97749. 19·
ciendum 99991 7 33, 15. faciendi
(9.49.)ΠΠ17.4. faciendae (9.)
111134,15‚ 1991911499(9.) V 41,
9. faciendum (444)113,9. 1991941411
(y. 9) Ι 7, 45, 9999 faciendum
(ccc. 44) 1 31, 44 faciendum (acc
a.) 746, 4, 71187, 49, 199199-
6991 (acc. 9) 711756, 5, faciendas
7239, 199499419845144, 7 1915.
1191491412,4..1Π196,9 71124
19. 69491110,4,22,44 42, 19 14
9,91Π6,9. Ι1Π4, 19. 7539 16.
VH 69, 49 694991754,4199199
9911 12,5, 41, 14. 1134411199,
7 25, 19. 59, 91. est 199499 711
25, 19. 999 19949 H 27, 4, 19919
991 1111 29, 11, 1991991 999 ΠΙ
19, 9. VI 30, 11. VH 24, 19. facti
9911117, 4, factasunt 115, 4. lacta
911131, 44. 1991991 sit 9431, 41.
199199 erant 7 5, 9 facium 9999
131, 44, 9999199199136,9 99991
199199411845,19919999991143,
49,19919912,,,1111104.1113,4.
19141H15,1.V47,9.V111,9.
facta (44 9. f.) 11110,9.V113,19.
71169,19.1991919(9.44,) 11114,
99. (aec. 99118, 95.20,11. 40,19.

15,7,1 19419653315 5899

VH20,9. 299. 489589 8814.
19919851. 441.)ΠΠ12,9,37,9715,
4.,,174 37,9. V140,9. 1149845451.
ΜΗ818Μ9Π89848
4.,Π16 10. 1Π113,4.16, 99279.
34,.47112.9.,.’.369539’.919949
124, 41.5,,29Π6,.423, 45 33,9,
34,4.,1Π1493,1.,’.,9115964,ΙΙΠ
849799898999
7112, 14. 19, 9. 9915. 711859.
facti (441.) 1119, 9. 11114, 15. 199 99

 

