312

ΠΠ 23,4. 29,6,75,6,666166411Π1 666 46616 44666146) Ι 41, 4. 46616 3)
31,4. 7Π21,,6.,.,624675641)7“1120,66,
66616 464617 23, 6. 66614651.) 11Π21, 25, 4. 28, 640, 4. 72,6, 75,6. 84 6 “)
6.,..6625444626μ6.627,666661 71120’,.66.444635.’46,41171Ι,
(6)1Π1264613461466 46, 4464)7Π2143145246 75
15,.,6ΠΠ1766,22,46,,2316,24.6 .46)7Π48,46. (6,)71376 ,43,
4.’28,6.23,4ἰ,31,, 713,.,.6234 11.7Π25,46. ()Ι20,6,4’6)Π11’
7Π 61, 44, n4uinm 1Π9, 11. 14. 12, 1, 466 (4)[V3l, 441 7Π21, 6. 77, 64.
6,.13646,.,.14,66164 IHI4,10. 66 46)73547Π8546
16, 44. 20, 46, 22, 4. 46 256, 26,,6 666666661666117,44 39, 14. 6666666616
31’,6,78,46..’,,,’.441062366661-4651Η66166141,)113,46.51,6ΠΙ
54'444511’11111.1’3,4.'14,14v 14, 4623, 6. ΠΙΙ28, 46. 72346 71
94661146 666416466611118, 4,’6, 71114,.,’,,.’,4164324406
619,..666156.,.294ι6.1ΠΙ216’. 53,.,,6726’83,6.86,,4 necessarii
43, 5. 14. 30, 6 36,6. 71, 415. 26 (0481114 166666661646467Π 66,
56744861061166236 46. 55044454114(0bl [)11214
15. VH 60,’,6 14. nanis (040.) 1'111 6666666 661 ΙΠ15, 46, 611 necesse VH
25,4 7116, nauibus 4651.)Ἰ8, 14, 44. 6666666’6117Π 19, 14. 38,
1116,4 HI9,4411,4.13,14,14, 15 666666666611Π129, 10. 733, .
14. 15, 46. Π114, 46 ’17, 6, 22, 11 46, 35,.4 144146664467396 11661
23,,6’,.2464.,25’6..4623,631,.6 444444'4411454,
36, 4, 37,4. 78, 15. 11, 414. ’24,.4 6666661166Π22,’6. 14044444441111,
71’35,41.7Π55,.ιι58,6.61,6’ 46,,711246.’7Π56,44. 666666116-
410440 nauare H 25, 14. tum 7Π’ 89, 6. 166666116116161
66616646. 44137 710, 4, nautas HI 43,15.
9,.4 66661150, 14.
6611166666 ΙΠ8,4, 6666 66661 7114, 64. necaret 76, 14,
n514,4. 9, 11. 13 46 46 17,6.19, 66661667561.666656166745,6.
46, 20, 6 ’22,6. 23, 66, 26, 14. 27, 6 necaretur 1 53, 66, necato 4651, m.)
28,46,30,4’431,6,66.3’5,.,4376, Π116,,6
38,4.,42 46. 11. 43, 45. 46’,.6 49,’6 66661417Π35,6,
51, 1014. 111, 6. 5,6, 8, 14. 21, 15. n544riam 7Π 77 4 nefario 4651. 44.)
26,.,6316.’,32,.633,6 Π110,6. VH38,1.4 611667Π40,.44
11, 4, 26, 6. 236 Π116, 49, 611, 6644166661 VH 39, 14. 66611466661 ΙΠ
6,.1613,’.,’,62546 73,”46,41,,44 27,6.,.ΠΠ38,46’,7Π77646616616-
7, 4,,22 46 23, 44. 25, 4 27, 15. 51, 6 66177, 44, 664166146164466 135,
3146336446 .;,48657’.;,67156 15„3314negleg5n415g4044V284
14 8, 4. 3,6..6 14. 11,613 14 19,4. VH 144 neglecto 46166) 71 14,
22, 46646. 23, 4. 46 ”,32,4 37, 15. 15. 666166161Π10. 6. 7117, 46.
4046 7Π24696 10,,.46’11, negat 18,6. 736, 46, 6644446727,
4417, 46, 20. 66 24,’.6 26, 6. 14. 28’ 40. nega’uit 71326 6666617646.
6,,46 ’29, 64516). 32, 15 33, 6,.46 35, negotiandi VH3, 5. ’,42 11. 55, 15.
4..4 4639, 6.,40 616.,43 46 46 45 6661611134, 44 ’111716 Π,118, 467
46..,46526’,,6,53 54,.655,,,4666 38,6.6666116441.’)72’,,671161,4
66 4516). 41. 67, 46. 69, 46. 70 ,[6], 46. negotium (6466),.Π26 111 15, 671
7247346 *74675482686 34,.46 66361164651.),.1456’711,
4454390466 414414115132 633,,,47Ι36.111162,.64
10. 37, 4. 39, 4. 43, 44. 50,6, H 3, 46. 1766461164 71 25, 4 1164416166 4666.) 1
1746ΙΠ2464446613651,6.
11117, 4431. 711, 11. 4'0 14. 43, 66661118, 46 26640 44 Π33, 14
44,4,6,4 71’,6.21 24 4628635 743645146171396] 7Π
636642671164862946 66,41.6646164116120,46.36,.46
77,4.,,6534656,4.32,44’,7,,44 Π117,4.,630 ,’,7,Π284
4-4150,14.11111’4‚.4 ’727, 66 54, nequaqnam 1Π1’23, 4 711 77, 44.
46 71314 7115, 14. 14, 64516). 6646646616 6466616314, 10. 16, 14. 15.
44, 40. 66666 Ι 50, 14. 226. 24,.6 31,66 (04). [44.]55 32,

 

