314

VI 7,16. 43, 16. VH 11, 11. 261. 13511. 16. [36,11. 37, 6. 40, 1. 41,

69· 1³· 7131. 721. 6. 42, 1. 43, 6. [11].11. 7Π 1, 21. 2,1,
1111111116. 11.) 740, 9, nocturnum 4, 1, 6. 5,16, 1111Ι 14, 1,19, 1611,
(ooo. 11.) 74011. nocturno (1111. 17, 5. 6111. 19,1. 20,1. 11. 16. 23,
m) 713217Π 831173.) 7Π 9, 11. 25,1.26,1. 11. 27,1. 28, 11111νέ.
6. 1111111111(111.11.)753,16,1111- 29, 6. 30, 1,1. 33, 11916, 35, 6. 3,
turnis (abl. f.) VH 22, 9. 111.)Ι38, 1. 18. 37, 11, 11, 38, 16, 45, 111, 47, 1,
117 11, 11.VH 5619. 1481 11. 50, 11. 52, 11 (111154, 6. 11.
noos (074) VI 2713. 55, 11. 16. 24. 62, 116611. 11. 21.
nolint V 41, 11111111171177, 11. no- 611. 70,11, 71, 16, 73, 11, 751, 16,
lebat I 16,1. 18,1. ΙΠ 6, 11. V 58, 7761117111). 116, ,19, 9673613011,
15. 1111161111Π117,1. nollent 1111 83, 1. 86, 6. 89, 2.

37, 6. noluit 1 28, 6. 1111111173, nonaginta dno 1291.

16, noluerant 11 1, 6. nondum 1 7, 11. 12, s. H 11, 6, Π1112,
nomen (11.) ΙΙΙ 9,1. 7132, 10. 34, 25. 4. 31, 1. V 39, 4. 50, 6. VI 3, 1. 7Π
nomon (aec.) I 13, 16. 3111111111, 64,16.

11, nomino 118, 12. 31, 66. Π 4, 66. non nihil III 17,16.

6,1. 28, 2111 1,11. V 45, 6. VI 19, nonnullo (obl. 11.) 711 37,1o. nonnulli
1. VH 75, 21. 77, 16, 89, 10. nomini· Ι26,11.39,11.14. 7 3, 16.13,10. 39,
1111161111.) 712,1. 6. 71 14, 6, 40, 16. 44, 6, VH 70, 6.
11111111111129,1,Π25,11,1112011. 11, 11111111113111.) Π13,11. V
7 4,(1. 23, 6. VH 47, 11. nonnullos Ι 17, 6.
nomino nominabant VII73, 11. nomi· H 1191 15,1vi 7‚16. nonnullis
nouimus H 18, 1, nominatum VH (abl. m.) I 1,1. 11. nonnullis (abts.)
39, 5. IHI (1,1. 712, 6. nonnullis (151.
11111311.7,11.9,1.1.10,1.11,1.1. 11117, 1,

1. 16. 12,1.11. 13,11. 14,1. 11. 11111. non numquam 1 8,16. 16, 6. nonnum-
1611111. 17, 1. 11. 18, 26. 16, 1. quam VI 1311. VH 73,1.
20,1.11.22,1.11.2311261111.111111111116.)ΙΙ23,1. nouam 1111
301. 31,1.11.11.11.11.33,11.35, 23, 11. 7 531,

11. 11. 36, 6. 6. 6. 11. 12. 11. 11. 38, 11. Noreiam 16, 12.

39, 1,11. 11. 66. 40, 16. 21. 22. 11. 11. 11. Norica (11. 6. f.) 1 53, 9. agrum Nori-
41,1142111.1143144101). 1111111511,
1.11.11.11.11.11,11.11. 11. 11. 45,“1. nos (11. 713 11. nostri V 111, uo-
46, 1. 47, 1. 1. 11. 48,1. 50, 6. 16. 52, bis 11.)Π3,11.754,11. 71811.
153,11.Π2,1.6,11.8,1.9,1.10, 25, 1. 7Π 5, 11, 25, 1. 38, 16. 77, 41.
11121. 14, 6. 16, 1. 6. 1111111111. nos (111.) 1 4411. 74,11. 19,.1. VH
11.1812012111.1123111. 3811. nosmet VH 31116, nobis
2711.27,11.29,1.11.31,1.11. ΙΠ (11011140, 11. 76, 2. 42, 6. VH 38,
1, 16. 2,11. 4, 11. 5,1. 13, 111419. 19, nobiscum V 17,16.

11.15,1. 17,11. 66. 16, 11. 11. 20, 1, nosco nonerunt 71151. 2111. nouerit
231111. 24,11.25,1.1.1.1.29,11. 7Π 80, 6. nouisse 1119, 111, notum
ΗΠ 1, 4. 2, 1. 11. 3, 6. 11. 7, 16. 8, 6. est 1111 2011. notum (11. 11.) 7Π
ΙΠ111,1.1.11.12,1,9,16,11.17,6. 22, 1, notam 7124, 6. 11111719,
11. 21, 26. 2211. 24111. 2611. 29, 6 11111(11.11.)7Ι26,1.34,1. no-
11, 35, 1. 36, 6. 6. 37,1. 381. 73, 6. tis (abl. 11.) ΠΠ 26. 6. notissimis
11.5,1.6,15.8,1.16,12,11.14,1, (abl.6.)111124,10.

17,1. 18,11.21,1.11.27,11.11.11.11. nostorH1,1.IHI37 117191. 7Π
11, 1. 11, 11111, 11, 1, 111931, 1111, 1111111111.) 1136113111-
16. 16. 34, 1, 40, 9, 19. 41, 11, 43, 11. strum (11. 11.) 7Π 71, 11. nostru (9.
11, 46, 6, 47, 6. 10. 48, 6. 31,1. 51,6, 111.)Π17,6, 1214. 3111111141,
6,52,1.54,11.11.55,1,56,1ο. 71 73,11. 551, 1111111111.) ΠΠ
1, 1. 2, 1,1. 11. 4, 6. 5,1. 7,1. 16. 8, 22,1. VH 77, 16. nostri (1. 11.) Π
1.1.11.11,1,9,11,13,11.141116, 17, so. nostro (d. m.) 140, 22. no-
[1].1. 18,1.1. 20, 6. 22, 1. 23, 1616. strae (11.) 11113, 11, nostrum (111.) Π
25,1. 11. 29,1. 31,11. 1134111111). 9, 1. 711 46, 6. 1111111112,11.6,

 

