304

14. 11311(333.)7Π76,177,13. le· 11111113 lini (9.) 111 1910,
gibus (351. 11,1. 45,11. H 3, 11. 1131113111 7 1, 11.Ι
71 20, 1. 7Π 32, 11. 33, 1. 9· 37,13. 111991191 17, 1. 11111 (9.) 1191, Lis.

99, 49.

31111118, 3. 11311 (115111 16, 19.

Lexouii (pl.) 11117, 3. *7Π 75, 19. Litauiccus 71137, 419. 38, 1. 11. 40,

1113111111 (11) 7Π 75,11. Lexouios
111 9, 99. 11, 19. Lexouiis (abl.) HI

99, 11.

11, Litauicci VII 39, 3. 40 31143
4. 99, 13. Litauiccum VH 38, 14. 94³,
1551. 111119910 (351.) 7Π 42, 9.

libenter Ι 44, 19. 111 18, 14. VI 4, 3. litterae 740, 1. 45, 4. litterarum VI
14, 19. 1111311131.) 71141. 10. lit·
teras I 29, 19. V 45, 9. 47, 4. 11.
49, 1. 111311 (11111131. 11 1, 1.
2,1. 35, 3. ΙΠΙ 38,11. 711, 3. 46,

1153113 .)7 7,13. 1153111111(11.)77,

19, 1111313111 Ι 44, 99. 45, 11. 115313
7Π36, 11. 115311 (11.) 7Π 56,11.
liberos 7Π 37. 3. libere 7Π 49,1.
liberius (3313.)118,1.719, 9. VII

&9919 49, 31. 71141. [7Π

1111455131 Ι 18,1. 111313111313 Ι 11111’(1’11.)111113,3 111111 ΠΠ 23,

43, 13.

13.26,1. 7 8 19. 9, 1.10,3.

1113111113 11 111111 19, 9. 91, 9. locus 1 13, 1131, 3140, 99. 13, 2. 49,

1111111111, 3, 714, 11. liberos 191,
11.11.Π5,1ΠΙ2,13.ΠΠ19,1.7Ι
18,1, 19, 9. VII 14 11. 26, 9. 48, 9.
1713, 21. 1111111311.) v 1111. 911

1992>⁶119011101 1111 19, 14. 19014111
ΗΠ 34, 11. V 38, 3. liberatus esset
727, 3. 1153111111 (m.) 749, 13

libertatis 1 28, 11. 7 45 9. VH 4,11.
11, 3, 11, 99. 33, 9. 1110911111110,
9. 7Π 9111. 1511111311 Ι 17,9,1111
15, 19. VII 1, 19. 91. 64, 9. 66, 9. 77,
41. libertate 1118,14.11111,11. 7
πηΜη1

librilibus (151. fg 7Π 81, 10,

1113111311 7Π 5 , 11.

1113111 18, 19. 11331113 (13.) Ι 18,1.

lieet 1111 1,14.11 17,13. 35, 90. liceat
17,19,730‚9 1191191429111
10, 3, ΠΠ 8,1. 736, 9. 41, 11. 51,
351313113011. 31, 4. 3111. 39,

111411131111311111 3., 91111,
14. 991. 19. Ingenm 711 ,3. In-
gerem 713911 99. 56, 19. Ligere 111

3. 7Π ,3.

1111111111 v 99 9.

11 11111111 (111.) 9 99, 9.

'ium (111.) 7Π 73, 11.

1113133151.) 7Π 23, 11.

Lingones (11.) 7Π 6311. Lin onum
Ι 26, 11. ΠΠ 10,1. 71166 4. 111111·

. 1133 Ι 26, 11. Lingones (999.)I 40,13.

7Π 9, 19. Lingonibus (abl.)

111ssss (92 Ι 47, 19. 11131911, 1. 9.
hnguhs (a 1.) ΠΙ 12,1.
linter 14. lunter.

1.11119,1. 9 31, ⁷. 113113, 31,
19. VII 25, 11. 36, 13. 81, 19. 1111
iffi) 12, 6.38,‘1. Π 4138 &18,1.
231. ΙΠ 2,11. 4,11. 9 19. 12, 11. 13,
19. 19, 1, 13, 1, 111123,1. v 9, 1..
15, 10. 57, 1. VI 5, 17. VII 14, ῃ,
15,1ο.17,1.19,1.3.20,11. 45, 19.
53, 9. 9. 53, 9. 72, 19. 73, 94. 74, 9.
311, loco (11.) 71 23,13, 711 44,
19. 111111113. 1811, 20, 9. 24,
1112811. 3331141349, 11
(513). Π2,3.5,1ο.10,3.11,3. 16,
1192. 18,1. 23 1. 19. 11. 99, 9. 27,
13. 23311. Π11 11. 19,.. 1111 19,
3.23,3.Π1,ι1.8, 11.19.11,19. 21,
3.23,11.25,1.1335,1.1. 431. 44,
9. 99. 50, 4. 52, 9. 71 9, 1.10,1. 1. 11,
1. 1211111111. 29, 11. 32, 133511.
40, 11. 42, 3. 43, 9. 44, 3. 7Π 9, 19.
19,128,4.99,1.91, 9. 999, 57,13,
61111. 32, 3. 19. 69, 3. 80, 9. 85,1,
1311 (abl.) 115 1. 1. 25,1. 26, 3. 13.
11, 449, 1. 19,.. 13, 1. 11 8, 1. 3,
1.10,3.15,1.18,1,23,1.11.25,11.
26, 19. 19. 3313. 11141. 14, 13. 19„
9. 19, 11. 13. 25, 1. 11111‚14.14,9¹
22,11.23,13.33,13. 34,1. 75, 9,
7,1,8,11.9,1.13.18,3.21,1. 25,
1. 32, 9. 9· 33,11. 34, 9. 431313.
45,1.49,11.11. 50, 9. 51, 9. 716,
3. 8, 1. 11. 13, 1. 13. 19, 1. 22, 9. 25 10.
211. 31,, 14. 31111311. 91116, 2.
17,13.18,3.19,1.20,11.11.33,13.
31111. 39, 1. 99. 39, 1. 4· 1911.
43114311.1511511153,
1. 55, 9. 67, 11. 69, 9. 7131111. 79,
1. 83, 3, 1113 (91.) 11 19, 11. ΠΙ 3, 1,
14117121171 34,1. 7Π 7, 3,

 

