300

13,11,16,1.18,133,1,40,15. VII
4,17,1.,11,111. 17, 1. 19, 6. 46,
9. 79, 5. 111 (55511 2, 5. 51.7,11.
11, ,, ,. 151111, 99 ,, 41515,
15,23,1.30,1131,5.35,1136,11
40, 9. 42 1 15. 43, 91. 44, 11. 11. 15. 96.
47,152,11Π4,11. 91. 6,1,12,
1.16,1.32,1, 35,11 11111510,
1,17,11.18,11, 28,1, IIII 9,1, 11,
1. 1211. 16, 19. 90. 17, 9. 31, 9.
32, 11. V 11. 4, 11. 611115.
11, 19. 99, 19. 41, 1111. 90, 9. 515.
51,5 56,11. 5811. VI 14, 5181.
7Π1, 11. 5, 1119. 11, 9. 14, 5. 17,
699969199199
53, 9. 58, 9. 66 9. 16. 11. 69, 1. 72, 5.
73 11. 76, 9. 86, 1. 89, 9. 60 (abl.
15.119,1,14,515,1, 19,15,11.19.
20, 15. 22, 15, 27,1. 3115 31,1 34,
1135111. 41111. 43, 5. 47, 9.
11485. 531. Π4,15. 6,1. 9,1.
10, 9. 15, 5. 32, 11. III 17, 19. 22, 1.
111111, 11. 2215. 2315. 7315.
7, 5. 8, 1510, 115, 19. 18, 9. 21, 1 24,
136, 9. 43, 1511 45, 1148147, 9.
50,1. 5615, 71 7,1 12, 11. 27, 9.
7Π 10,1. 17, 16. 21, 1. 36, 1. 9. 39, 5.
47, 19. 49, 551, 9. 79, 586, 5, 55 18,
1.11.9,118,11.25,126,1128,1
30, 19. 31, 1, 40, 96. 43, 1. 4111, 53,
510. Π 11, 1. 23,19. ΠΙ 2, 5. 8, 14,
17,1122,11.26,1ο. 1Π11,1,2,
19. 11,1Ι 21, 19. 32, 5. 73, 5. 15. 18,
1201, 341441. 7131. 2511
351. 41, 99. 515 7Π5, 11. 70,1.
72, 5, eo (5055113515, 5,, 8,
5,14,5.16,5,20,1.26,11. 30, 6. 31,
1, 36, 11. 38, 6. 431. 11511111.
13531853· HI 4, ¹1· 8, 6, IIII 21,
1911.18,6.99,11.31,1.V9,6.13,
11. 36, 11. 4315 5158. VI 3, 6. 5, 4.
40 1142, 17Π 6, 5 8, 9. 131130,
6. 531557, 1.62,11. 6611. 11113 19.
11125 19. 1111151. 99, 9. v 14, 5,
714111. 7Π62, 11801111. 91
1151175411 696 7Π 1, 4. 99
11111114 15. 27, 1. 31, 5. ΠΠ32,
1. 74 1. 28 9. 7Π23,1. eorum
(m.) 11 11 (99).11,1.6. 12, 9. 14,
5551355855η
1525,529,1.1.31,1151. 33111·
35,1136,1137,1.41,143,1144,
ω. 50, 11, Π 3, 10· 49 9· 5! 8· 10, 4, 5·
11, 11. 16. 15, 61101. 16, 1. 17,5.11
2352415211(3111281115.
31, 5331, ΠΙ 1,5.14,5,19,11.17.

2311 1111 21141111 19. 5, 511.
6, 9. 11,11. 11. 125. 19,1. 31, 137,
11381. 91,91.113 19.1'1‚16.18,
1. 22, 1. 25, 9. 29, 11. 2, 9. 33, 11. 34,
13315211 56, 1171 7, 11. 10,
9. 11,1.12,1.15.1111.13,115.11.
14, 16. 15, 5. 1611191. 22,1. 28,
11 29,5.30,132,136,5 7Π1,15
3, 5. 3, 5. 5,15.13,1. 14,11. 19, 16. 20,
11. 28, 19 3211, 11. 33, 9. 35, 1. 38, 19.
40, 11. 41, 11.43,1, 48, 5. 52,1, 65,
11. 6611. 71, 9. 75, 5. 11. 71115.
1111 earum199,9.114,1.1118,
1.17,1. 1Π117,11.19,128,5, 31,
5. 71, 5. 19. 20, 1. 53, 91. 711, 15.
11 5. 27, 117Π 36, 9. 83, 9. eorum
(99. 1119 111Π117,15 51171111.)
11· 5545111311
9. 1131 11111131, 611 11ζ
51 3 (7· 21317 ²999
1, ,, 113115, 1111. ¹19, ’1, ’11, ,ζ
25, 5. 26, 15. 11. 19. 27, 1. 5. 31, 1140,
9. 1142, 19. 43, 15. 46, 9. 47, 9. 48,
11531521. Π 1, 6. 2, 51. 411
11. 10, 9. 19. 16. 1415151. 9. 17, 15
18111133, 19. 111 6,1. 8, 9. 18, 5.
21, 11 28, 19. ΠΗ 1, 11. 2, 5. 3, 9. 5,
19. 6, 5. 7, 11 11, 15 13 513111.
QQOmffimQ6Q9
71,11.9,11.11 101151117,
1. 29, 10. 27, 1. 28, 5 41, 1, 49, 9. 54,
5. 718, 95.9,9.10‚9. 191. 1311.
16. 1114 1121,123,11.32,1’. 7Π
11,. 11, 99. 91, 5 11,, 15, 11. 41,
353311* 1333 31356351
I 3 13. 1· 13, 514, 1. 1311. 34,.1, 44,
15311. 115541. 15, 5 115.
341351 ΙΠ2,15,7,1,9,11.55Ι
23,5.26,1.11Π6,1.17,1.2015.
22,5. 31,1. 7127,5. 331. 7Π 31,
1. 65, 11. 72, 19. 55ξ155.)11,13,
114111 181. 19,1 1, 5. 33, 543,
19. 111 19, 5. 71,11. 29,ι. 7114,
116,5.17,123,11.24,1 7Π 11,
6. 34, 1. 37,11 60,1. 77,15, 82, 6.
83,11.85,11. 86, 6. iis (abl. m.)1
10, 19. 11, 9. 14 16. 19. 16,15. Π19,
11, 24,1. 11Π16,1ο. 18, 9. 19,1. 21,
11. 23, 15. 30, 5. 35, 1 71, 11. 31.
3,14,5.12,1.1.14,1ο,19 1121,
1[25,5. 27, 99. 3511 (111411.
51,11. ‚1. 7Π 12, 11. 17, 1121,
1.29,1147,11.58,11. (s.)110,11.

 

