32

15, 0. oea. 44, 5. 45, 1o. 65, 10. 80, 19,1. 7 3, 10 6,10.32,1. 7110,1;
10. 1010101119,0.10.25,0, 3910. VH 82, 2.
041, 5. 11, ,1. 0, ,1, 10, ,,, 11, 5, posterum 0,.) 11105, 01 411
2910. 1111311. 1Π1 24, 5, 26, 5, (ooo.n.)711 1112. postero (obl. m,
73,10.19,11.35,0. 71 12, 22. 7Π 115,1. HI 6,10. ΙΠΠ 11,10. 38,1
87, s. posset Ι 7,15.13,0. 1615. 7 17, 1. 38,1, 40, 5. 49, 0. 52, 55
20,5. 320. 3510. 3110. 39,01. 40, 531. 717,10. 7Π 18, 5. 26, 0, 27
11. 1οἲ 43, 22. 25. 44, 00. 45, 2. 46,1, 1. 29, 1 35, 0. 52, 1 53, 0. 67, 2. 79
H 8, o. 17, 10, 18, 0. 21, 5. 25, s. 10. 1. 89, 1. posteris (1.0.)11177,01
III 11, 15. 14, 04. 26,0. 2110, ΠΠ postquam Ι24, 1, 27, 5. Π 5, 0, 11
23, 0. 28, 1. 0. 31, 10. 36, 5, V ’13,15, 15, 0. VI 9, 1. 29, 1. 7116& 2. 87,?
7, 0. 5. 11, 1, 27, οο, 31, 0··. 44, 05, 46, postremo (ado.) V 28, 11. 29, 12. 71
0,47,10. 4910 50, 4. 5, 58, 6. VI 11178717-
1,10.4,0.29,10.31,10.36,11. VH 10010110123,1,48,0.51,1. Π 12,1
6, 5. 9, 11. 20, 20. 24, 11, 31, 5. 32, 0. 3310. ΙΠΙ 13,1o. 7 10,1.
36, eo. 39,10. 52, 5, 66, 5, 166, a, 1001111οΠ415,1001010131143,10
89, 0, 1000011 12, 12. 3, 50, 6, 0, 5, 0011101101 154, 5, Π22,0, 33, 1. 711
8, 10. *9, 0. 11,1. 13 10, 1115, 26, ,10.1001110101135,1,ΠΠ16,11
,10,1. 5, ee, 0,, 14,, 5, 1„ 0, ,5, 5001101104, 11 10, 11. 23
11. 9,10. 17, 10. 25, 10. 28, 0. 3l,5. 11. 11, postulauit Ι 42,10.43,1. 22. 108·
1Π3, e. 13, 0. 14, 10. 15, 0. 21, 1. 11100001 Ι 42, 0, postulassent HH 6,
26, 5. 29,10. HH 4,11. 1115. 14, 0, 5. 1001110111]Ι sup.) 1 31, 00, postu·
19, 0, 22, 10. 29, 12. 71, 0, 1’6,55, 1010 (00011 ,1, 10011101101051.
10,0. 16,0. 18, 11. 3311. 711, 15. 71) Ι 40,0.42,0.11Π 11,11.
2, 4. 3, 0. 33, 10, 37, 0. VH 19, 11. potens 101011007Π 77, 42. potentiorem
20,15. 10. 35, 11. 36, 00. 47, 0. 5500, ξς.) 71110, potentiores (01010.) 71
56, 12. 72, 0, 73, 5, 11. 74, 5, 75, 5, 5, ,0, 1010111011117113, 5. potentio-
81, 5, 101111126,5,37,11, 1112, ribus 15101. H 1,10, 1010111001-
s. IH 9, 5. IHI 12, 15. 21, 10, 7 mum m.) 11 ,10, potentissimo (d.
42, 1, 55, 5. 71 35, 4. VH 74, 1, po· m.)118,15, potentissimos 1 3, 21.
tuerent HH 14, 10. 26, 10. 111. 35, potentissimis (051. m.) 71 22,15.
0. e. 36, 0. 7181040, 05, 7Π13, potentatu 131,11,
4, 55, 17, 62, 19, potuerit 117 55, potentie (0.) 1 18, 10, potentiae (111
31, 25. 7 27, 15. potuerint 141101. 18, 11. 7Π 4, 2. 32,11. 39, 2. 10101-
Π 3, 10. 11Π8,1. VH 20, 10. 1011- 11011 71150. 10101110 71 12, 1.
10001310, 39, 5, 75, 0. 27, 55, 10100100148,5 H 6, 0, 101001011οΜ1
71 421, 711 20, 5, potuerant *1 1615. potestati H 31, 0. 1010010-
47,0.Π7,1.*ΠΠ26,11.7Π83,0. 7011111610. 4010. 50, 5. Π3,1.
potuisset VH41, 0. 52, 11. potuissent 13, 0. 34, 5. HI 17, 15. HH 11, 0. 15,
126, 10. 31, 21. 119, 12. HH3‚ 11. 10. 38, 5751, 1. 71 19, s. 23, 1. VH
7Π 52, 5. 88, 11. 13, 11. 32, o. 33, 10. potestate 132,
post 1151. 47,1. H 5, 15. 9, 0. 14, 1. 11. 73, 11. 41, 0. 7114103610.
19, 5. 29,14,, 1115,12. 10,,1, ΠΠ 71415411,
1,11.9,1.16, o. 30, 2. 717,0.10. 1051017141, 7Π11,10,58,0, po-
51, 5, 53, e. 58, 22. 718 21.1o,1. 11111117135,10. 7Π46,10, potiri
14, 11, 17, 4. 22, 0. 33, s. 41, 4. VH 12, o. 3, ss, ΠΙ 24,0, potirenturI
11, 0. 15, 10, 30, 5. 50, 21. 6010. 67, 30, 0, 1011110111126,11, potitus
11. 72, 12. 83, 15. 87, 2. postponere H 26, 9. 7Π 36, so. potitos H 24,
713,10. postpositis 7 7, 11. 100 10. 1011113111. 001Π 7,5. potiun-
tergum HH 151. 22,1. VH 62, 15· 301111(0.)1Π6,1.
841. 88, 5, 1011101451. H 10,11. 71 34,10.10.
postea 121, 11. 220. 28,15. 40, 10. VII 37, 10, 78, 4.
Π17,1.30,0,32,10. ΠΠ 310111001301111 44, 4.
8,10. 23, e. 7123, 15. 39, 0. praeacuto 711 22, 11. prosecuti (pl.)
posteaquem 131, 10. 46, 0. 1001001010 7Π 7310, 1100001100 (n. f.) H114,
quem HH 37, 11, 100100 quem HH 14. 1100001100 Π 29, 0. 1111010110,

 

