98

3499. VH4‚.99 (11Π20 10 71
11,5,7Π90, 11 (0.,.17Π230
εἰ1311111315 2551801111533011711163 13 14

sinistrorsus VI 25, 5,

[010001 ΠΠ2,16].

01010 a. 0110001 01010.

011010 V 57, 0, situ VH 39, 9. 98, 9.
gns (a. pl.) ΠΙ 12, 1, (000.) VH

9.

sine (0010 uocales) Ι 23, 10. III 13 19.
7Π32,5.6 (0011001112 1560)
(11) III 17, 99. (1)) ΠΙ 13, 60. (⁸9)
127, 10. (1) I 27,0,

000011 (0.) Ι 1210

societate 7126,

00011 (pl.) V 39, 9. sooiorum 1 11, 19.
V110‚19.909119(d) 114, ιι. 35,
66, 36, 61, 43, 99. 00010015, 10. 49,
10 45, 0. 11'19, 99. 000111 (05111
160

00110(0.)11, 015ομ1 Π11,00. HI
15, 11. ΙΠ1288.,785 71146.ιο
80,16 00101011,60713,00
711 69, 0 Solem VI 21, 9. 0010 7Π
3, 19.

1010011 7Π 15, 5.

0011011οο 111 22, 0.

101017Π 366 solebat VI 165

00111 udinem HH18,19. solitudines

003414103033711 22, 5.

001110110171164,15. sollicitant 111
8,11,71143,0 00111011010 V 2,16,
6, 60 712, 6, sollicitarent 755, 5.
sollicitari 712, 15. sollicitandos 7Π
54, 0. sollicitandas VH 63, 5 00111-
2150100101Π1,1.001110110100 VH

00111011 011100 V 53, 10 7Π 461.

001101 (a. VII 72, 0. (000.) 111, 19.
0010( 717Π 230 73, 10.

001011 (.perf) 1111 23,.0 366 78, 9.
{gloemnt IlH 28, 9. 001010001 7

19.

[00100131,.00] 0010 (057. m) 118, 9
0010141100 0010 (057. 0) V 18,10,
0011 (a. 00.) I 3210. 00110 (d. m.)
7143, 60 7Π216, 0010οΠ4,6,

scmus sono (051.) VH 494.

10101Ιό30. 001010011815.

00111οἓ,1 53, 00 sortibus (057.) 1 50,
11. 10.

spatium (0.) 17, 19. 999 H 11, 19.
VH3,11. 40,1, spatii 111 19'‚ 5,
11111’9,9. spatium (000.) Ι 3616,
Π17,0.ΠΠ11,0,758,107Π42,
9. 461, 7609000110 (057) Ι *25,
ηῶᾖ nffim9m41w9ss
15295 ΠΠ10,6 ,146 17, 05 39,
0,71’3,0.,,15510.44,11.717,10.
ffiwwffimfflstwffluss
10.46,.,.,.04811695 72,15,,811,
spatia (000.) 71 18, 9. spatiis (0511
711 23, 9. 73, 04.

speeies (0.0.) ΠΠ 26.οι 7127, 10 28,
1071813316141731231336,5 6503110
ι. 1 9.
H 31, 71 260. 711 466,
0110010111 91. 716015 spectant
11,66,10001010729,.1 spectabat
7Π6,.9001)50101·1145,.8

speculatores (5001111 11, 5. 0000011-
Ρ1011500105 7 49, 19.

10001101000500111111 260

sperator speculandi (0.) 147, 16

sperant 13, 99. sperent V 41, 9. spe-
1010141), 99. V36‚..59 41, 66,
0001000 717, 0, 10, 6, sperabat 7Π
64, 60, sperabant VH 260. spera-
1001 V 26, 60 speratam VI8,p 6,

757513 ,3102οΠ 1103301501
260, 260, spei(p VH63, 19
1001011651 260, ,5,.425.Π
10,6ΙΠ5,,,0156.0111116,00
733, 11. 34,(1. 39, 11. VI8, 19. 34,
04056. 7Π12 60 30,9. 55, 99.
00015,0,8,.1127,10.44,0.10,11
70251127033,6,οΠ19,16,
26,11.11Π6,.537,0.76,,,1019 5.,42
1461560, 7134 50 35 50 43,
19. 71145, 19. 46667,οξ

0010100(000.)133,10.Π4,6.

0022010101, V 6, 15. spoliatum 111 7Π

19.

00001061590 440 7266 71160

711 4

VI 91’ 9. sorum (551.) 1 19, 6, ’19, 0050011 (1.1 0010, ,6
15. 20, 6. 40, 91. Π14,0 1112, 99. 0105111101,0101Π1336,

5017 10 7111,6,43,57,1’,133
00541051 311 61,,0 000110 711 60,.0

5101101153,.1οΠ1’1,5,11119,0.10
ΠΠ27,5 010 738,,,.6460 7Π

615.

800110100501111 20, 60, 21, 1, 80011- 0101 ationem IHI 32, 19. statione 1111 32,

atum (p.) 111 20, 11. 21,ι.

5715,.07Ι37,0,,,,380420010-

 

