71147, 99, efferatur 9Π2,4. 9119- 919839 919919 (999.) 114, 17.
rantur ',7111 17. 91999198 41, 44. Elusates (9191219,
9114, 49, 919199991146μ9 91911 99139991 Ι 31, 43,

9115181818388818981ΠΙ849, 10,9, 9881555118181188185,8481885899891915111881818181

145. 911191919Π 4, 90. 9111891991 73,19.

ΙΙΙ812,9, 33 9 9111991911121, 4, 9991989918981, 17. 9Π24, 11.

ΠΠ289, 9. 35, 3. 9 19, 44. 50, 3, 9991111958, 11. 9991119991 25, 99.

91313, 9111919191Π85,49, 98119- emittebat 9 19, 9. 999991 emissae

911ΙΠΙ31, 49, 933, 17. [717. 9142,.9 9991999(911..99)951,9,9.

99] 9199994891 1111 21, 7. 9119999991 emissis (951. 99) 926,.9 emissis

11 17, 17. 91991999891 11124, 19. (9.) Π 23,9.

9199199999ἓ99)9Π 29, 99, 9199· emo emerant 11 33, 19. emi 1 16, 44.

turos 9Π2 4. 91991199 919,.9 †em110m9110134,'9.

911191 914, 9 efficienda (999.) 7⁷11 enatis (911. m.) Π 11, 17

22,,9 91989199] (aec. 9,)9Π29, 99. 99199114, 19. 31, 99. 40, 99. Π 17, 49,

919919 (951 99.),9Π359 81, ..(9) Π113, 17. 14, 19. 11. HH5, 4. 98,4

ΠΠ18,.9 9Π35, 44 9119918198(951. 289829, 99. '.†v7 17 918 11, 99.
7771’6977-711'11109 25,9.34,9.9Π37,.,.996899871,

91998919 (95199.) 9Π4, 91. 41. 849

effugere 9 58, 17. 91830, 19. effuge· 999911998111 17, 11. 30, 14. enuntiari
rent 1111 35,.9 1 11, 43 98583, 99991199991991

9999 egentium 9Π4,9, 93999191 31,9.8 991999911919144 enun-
1143119819919113133, enuntiatum esset

93991919 912491319,

939111125, 99. 8181Πὸ89. 11,.99 mihi 99199 16, 99. 9,.999. 10, 44. 23,,3
9114,9,,9Π17 11. 999(9998)9Π17, Π11,3 8918,4333,9.81,9.61,3,
17. me 7177)71120 99 99 99.50,,99 1999918128, 99. 9188,9. 9Π62, 19.

egreditur 9Π 84, 9, egredi 1ΠΙ21, 1999991121,8 3 28,9, ΠΠ 12, 9. 8119-
93289 9135,...993699 9Π18 9999(991.)8,Ι4045, 1136495899,
4935, 79.74‚.9 9399819919919991 iturosil3,9 7319. iri 11118,
ΠΠ 26, 3, egrediendum 7999.) 1111 19. 936, 3. 91111, 9. 68, 99.

23, 9 9899919399991931, 19. 93999- 19919911824, 44. 918116, 99

99991136, 19. 58,.9 60, 11. 83, 11. 99(9919)114,9...,992398,1925, 19. 21,
(8118181841 ,118418481848181318 11944119 848, 7717 ,88311841
121, 49811119. 13,8,88923 93858 11.1'2‚19.1’3,.101'4.'.}.991997'. 234.
3.9131,99Ι8Ι11,99.,8189, 28,,8.8,,,,99ΠΠ892199283,.,9938849,

93993199119,9,94,99.528,899.9-399 919192984993114412
3191283 939939 3991Ι,.,29499 3,,189,21,3 .4,.77 539, 91393.
44,,.,,,,11492199Π3643 31,3.,409.889Π8,,8,,,864799999.

5858111981 1111881589, 915, 17'. 21, 49. 11848888538889985589558 5888885885,
71128194719 9135919183. 61,9,8,.8,.,.,.6138’14899909
erat 91899199 9Π4, 99. 9199199 esse 9919989(99199.)Ι48,314,49.1Π111,43
9103, 919919911Π1,3 989911,999184,9,5,99.89Π

919999911ΠΙ]2,.,8,.,91399299921839 =
49 29, 19. 9199 99911 9 338, 19. 918 ephifipistomm ΠΠ2, 94,
34, 17. 399. ephippiis (957.) 1111 28, 44,

9199981 7797.) 9 31, 43 9919191999 9 48, 7. 99191919 9 48,

Elauer 1.99.)9Π385,9 (999..)9Π34,9 99
58, 44. Eporedorix 91138, 4. 39, 1. 9 55, 9. 93,

919199199 91289 19. 81, 19. 11991919913199Π884 99.

Eleutetis 9Π15,9.11991989199131 9Π16, 11. 1199991991-

eligere 9 50,.4 9Π32,3 eliceret 91 ἔξω 911 40, 49 ’Eporedorige 9Π

9 1

18*

 

