316

numen (333.) 71 16,1.
numerus 199, 9 10. '1133141111194

Π123,,,.,,,1311Π24473337116
4,,184.,,7114353,,4

15,,337,43712,32,13,13,;,34335341413314,,’3

40, 44. 43, 15. VI 13, 10. 34, 43 VH 351111111Πὸ, 41

31, 335, 43, 44,3 7613. 38,13. nu· obeo obire 733, 13,

1113111111 3,3,4, 3 7, 15, 318, ο5133314111126,3. 3513311111111(31.1Ι
14 91, 43, 54,,4 '11 10, .,174, 111 47,.3 3313513313713, 13, 35133-

6319112313ΠΠ2113422
1336,4,,72011.,.234*40,,.4.5113

tain VI 10, 13, 35143114 (obi. f.) VI
37, 4 VH 59, 15.

V114',5.V’,114 19. 31, 3, 3841 45, 351111311129, 14,

3433. 555,4. 75, 9. 9 40. 90,3. 1111- 351131131351, m.) VH73, 19. oblique
m940(abl315 9. 2,.84 48, 14. 43,.4 1111 17, 43,

51, 4 114,3,14.13.43.Π17,13,11,3, obliuisci 1144 obhmseeren 111 VH
1231513 2132613 274 ΠΠ 34,.4

15, 4, 31, 4. 75, o. 11,3. 17, 13, 23, obsecrant 7118, 49. 38, 44. obsecrare

3327,,34,3.711,14,,.’,.34633’

120,4.

7, 13. 8, 44. 13, 4. 13,18,,3 21, 9. 23, obsequentis VH 29,.11
44 32,’4 4, 33, 4. 35, 44, 36, 4 43, 4 obserusnt 71 18, 4. obseruabat VH
71111, 13, 28, 43 31, 43, 39,3,48, 10. 16,.3 353311411144, 43, 3533111413

5046446133 7337513 81

83, 9. 8514· 14. saepenumero.
Numidas 11 7, 4, 10, 4, 24, 13,
nummo (351.) V 12, 3, 3.

numquam 144, 41. V 1610. 715, 3,

7Π 29, 3; 44. nonnumquam.

1111113131,..,,1334Π443727,44.7Ι

&‚m.½wowmffl‚m.
nuntietHH 21, 43111111114131111ΠΙ 11,

13, V 10,,3 313111313111111Π2, 3. Π11
32, 5 nuntiarant Ι 39, 44. 1111114131
123, 4. VI4‚.9 7Π61,3, nuntiari

VII 9, 14. 111111113111111 3411 38, 4,

46,1, 31311311113333311 74, esset
1111111131 um VH 62, 49. 1111111315 Π
284 293(3231ΙΠ37,1.71,14,
7,19. 7Π7,3,11, 131313 674

(3511117351

obses obsides (443 Ι 14, 43 31, 44. 0b·

311111111Π214, ΠΠ2213.36,.3 V
5,427,3, 719,14,71112,.399,.3
obsides (abo.) 19, 10. 14, 40 19,.3.
27,3,,314441.11133,435,.,43613.
43,,4444,3,111,,35,.33,1,,35,4
fflmffifflfflofflffiuffiss
21,,,,4327414,,,31438,11.,7143.
20,,.41322,,,.14474713,34,3.
9,3,,1237114,14.7,312,,,355
14. 63, 4, 64, 1. opsides (3090.) H 15,
41',.11435 71111, 3 55,,4 obsidi-
bus (351) 123, 4. ’31, (43]. 51. 37,,4
1113..11111'.,'.,.}{1034104234
74,3,,,2317Ι2,3.,3.4 6,,312,
13,7Π2,3.,,5413

nirntiaio (351.ὅ 'pii 154 4, Π 26, 3 obsessionem VI 364 obsessione VH

V 22, 9. 3111111313 (551, f.)
1111111113 7130, 9. nuntium 116, 14.
V46, 4 5313, 11113135117463

7Π 364

ο53111311171142,13. obsidere HI 23,
43 3531035311 111 VH 77, 4,· 31, 4,

opsessis (abl f 3 111 24,3, obsessis

53447Π113404431111111111 (331411114ομ3
(pi) ΙΙ 7,,4 V 45,4V1 11144, V11 obsidionem V 43, 4. obsidione ΠΗ 1,9
8,44,111131ο3126134431Π11 147,2914.45,.,.,349137Π323,

161119334137245314

69,4,

57,3 7134, 44. 38, 44, 37, 10 313111354141135331111113139,13.]
(4643 112, 4, 711, 3, 26, 3 39,4 35313131371129, 43
71 31, 3 71141, 442,4.'48,.4 114, obstinaQeVG 44.

' 45. 77, 49.

obstringere 131, 43, obstrictas 19 ,3,

1111331133. 373 40,13 VH 57 4 obstruere VH 41, 14. obst 11111 7 50, 43,

nusquam 'VH 17, 14.

35311113111(351.1) V 513.

1111131111 31, 44 ΙΠ123, 43, 11111117 obtemp 314131Π121, 44,

43,.40

35111331411117Π4, 14 71, 5. obtestari
VH 48, 3. obtestabantur 711 47 44,

35141. 10,,3 13, 49. 17, 49 31, 41 35133343111211343433333-
944 50,3 (quamobrem). Η35,3, 33143171131, 43,

 

