989

50,11,59 1.55,11.56,11.715,1,6,1. 111111 71 13, so. honorisI 18, 11, Π
gi, 11]. 9,1,10,1,94,1,39,11, 7Π 15,1. honorem VH 90, 11. 57, 1,
1.6,1.8,1.9,1, 94,1, 31,11, 34, 1111111Ι43,11. 7 54, 14. V113,
171. 35, 11. 41, 11. 45, 11. 56, 15. 1. 1. 11.
1,11.74,1.1. 75,11. 89,11. 86,1. 1111111735 11. 51, 3. 531. haral
19,1, 91, 1, 11. 111 aaz. 1.) 115,1, 11111115, 11, 1111 11, 1. 11. v 43,
1,Π5,1.6,1,33,1. ,1.1Π1,1.3, ι,47,1,7Π86,1,1111111111Π19,
1. 7, a. 9, 11. 14, 19. 90,1. ΙΠ1 19, 5. 4. 111111(151.) ΠΙ 5,1. ΠΠ 37,11.
4,1.99,1.77,1.99,1.7113,1.7Π 749,1.7135,11.41,1.
1111111154,17111111, horrerent 132, 11.
111(11111.)Π1119,11,71 35, o. 39,1, horribilem .) VH 36, 9.
57, 11. horridiores 11. 111.) 7 14, 5.
hiemet V 38, 1, hiemare H 1,1,1Π 1, 1111111111 19, 11. 15114111. 71
117 99 11. 94, 1. 95, 11. 53, 117Π 33,11.7Π4,11.37,1.38,11.11ο111-
90,11.111111111111Π11,7Ι39,11, tur 111111, 11. 5111111117Π10, ,
{biemandum 111 1111111115111 11. hortari V 6,11. hortante VH
1101. 7Π 9, 11. 511111111Π16, 96,1. hortantibus (abl.) 1111 18, 1.
11. hiemaret 1Π7, 1. hiemauerat VH 20, o. 11111511111133,1. ΙΠ
717,1, hiemari 1111 9911, 1811. hortatus est 7 4,1. horta·
hiemps 111 97,1. hiemis 1111117 tus 11119,1.111121,11.
47115311. 55,1. 7Π 10 1. hiemi 11111111153, 11, 719311, hospiti·
nu 51, 1, hiemem 1111 11, 11. 30, 1111111111,
3. V 53, 11711, 11. bieme 111 7, a. hospitium (1111.)7Ι5, 11. 1111111151.)
ΠΠ1,1.71,4. 713,1,7Π39,1, 131,11.47,11,117,11,1117 ,11.
‚hiemes (11.) ΙΙΠ 90, s. 1111111(111.)Π8,1.119,1.Π198, 11.
11111719,1,40,1, 78, 11, hostis(p.)140, 11. *hosti
Hispana· Hispanis (151.) 7 96,1. Π 19,1, bostem 1 11111. 96, s. 33,
Η11111111(1.)ΠΙ93,1, Hispaniaml 11.49,11. ΠΙ 93, 11. 99, 4. 111114,
1, 117 3,1, Hispania V 1, 11. 97, 1.99,1. 34, 1. 716, 5. 99, 1. 36, 11.
e. 55, 5. 44,11.56,11. 717,11.11. 8,11.11.
511111175811.7116,1,1. homini 11, 1, 7Π 39,1. 47, 11. 67,5. 74,1.
118, 1171 98,1.7Π8,1.11111111111 111111(11.)144, 11. 491. Π96, 1. 5.
13111. 53, 1311118, 177, 11. 71 Π16,15. ΠΠ11, 1. 798, a. 15. 31,
93,11. 7Π 5,1, 39, 11. homineV 13. 41, 11. 7Π 33,1. 1111111(11.)Ι
31,11. 1111111111(11.)Ι9,11.14,11. 15, 4. 91, 1. 52, 5. 53, 1. Π 8,11.11.
31,11,Π30,1,1Π18,11.111199,1. 9,1.1.10,1.19,1.18,1.19,11.91,
71 16,11. 7Π 3011. hominumI 1. 94, 11. 97,1. ΠΙ4, 11. 5,1, 17,
9,11.4,1.1.95,11.96,11.97,1.31, 11. 91,5. 94,1.11. 96, 11. IIII 19,1.
1135143111491. Π 4, 11. 6, 5. 131961971139, 15. 311. 351.
11111111,1111111111111, 1, 11, 11, u 11 1. 11. 11, 11. 11, 11.
1. 11, a. 11, 1. 11, 1. 1111 1, 1. 11, 1. 11, 11. 11, 1. 911. 11111111,
39,1.37,1. 719,1.91,1.49,1. 49, 144, 11,51,1. 7137,1 7Π19,11.
11. 7131.6,1.13,1.99,1.93,14. 94,1. 28, 1. 49150158, 11. 11· 69,
91134, 11431. 7Π 91,1, 39, 11.. 1, 70,1.88,1.1. hostrum111,1o.
49,1,71,1,77,11,84,11.1111111511 15 11. 99,1.11. 94,1. 95, 1. 11. 98,
(33 1 41, e* 11 1111111111 (111.) 1. 51, a. 4. 6· 511. 11. 51, 11. 115, 1.
I ,11.1015.33,11.40,11.Π ,11. 8,1.9,1.19,1. 90, 11191, se· 94,
151197,11.1Π10,1.11111,19.[9, 1.11.95,19.96,9.Π161141115,
11]. u 19, 1. 54, 11. 11111111, 1. 11, 11, 111. 11, 11, 14 11, 111,
11 1, 111, un 31, 1. 1111111111 11,1,1.111111,1.14,1,15,1111,
(ahi 1 11111 111311. un 3, 15Ξ 1. 15, 1. 11, ou 953. 115, 1. 11,
hohesihrh (111.) 7Π 3,1,Ι honesto (abl. 11244712418112948, 11. 85οῗ71ἶυδ9ῗῗ,
111.) 7 45, 1. 1111111111111111(111.)1 716,1.7,1. 39,1. 33, 11. 41,1. 42,
53, 15. 1. 7Π 5, 5. 10, 11. 11, 11. 19, 11. 18,
honorifica (11. 111143, 11. 1. 941. 99, 11, 3611. 45,11. 47, 1.
011111111111111 Gabioum. 19

 

