9111 13, 16. 93, 16. V 1, 6. 9, 6. 16,

4. 33, 9. 42, 6. 55, 6. V114, 11. 911

31, 1. 33, 6. 51, 6. 52, 19. 953, 6. 64,
16. 65, 14. 70,16. qno minus 131,
66111122, 16. quominus VH 49, 6.
6116116911,6,52,6.1133,6.Π119
16. 91299 9Π606 84,
Minucium 9129, 16911906

16166661 91 23, 6, 911 30, 6. minuente

(611ΠΙ 126 minuit (4616111933,

66,1611161494,16 2616666696-

(166 (6.1 91 2311 minuendam 190,

6Wffi6mmmmssm,

6116611661 4,6111 9 54,16, miratus Ι 32,
9Π 6,

mirum (1614141,1,1611616(666.6.11

34, 11.

309

bantur 9 45, 6 mitterentur 149,
16. 11966 VH 37,16, 9611616666
1117, 1o. missi 6191141 ΙΠ2, 9 missa
esse 919, 16. missus 9141, 6. 911
7,,,18816.1616661636161.,117411.911
845,6, 1616196115 16111196,
161666 ΠΠ 392 9116116, missi
(99. 61,,1Π244 19 11Π346,1. 940,
6. 9Π 41, 6. 90,6, 1111669616. 6161)
ΠΠ17,66.161669(11 6.,1143 γιΠο
Π11,4 16,25,6, 16166669 27,,

55, 11. 1616666 HH 6,1. 616664166441
11145, 11. 919, 19 missis (611161.)
ΙΠ1,,,.9811411,Π2711954,.9
911·11,6.441,,11111915,.6 21,
1616616 (6111, 1611251,

1116111166 (6, 61,) 111154 9.

miseram VI 36, 16, miseros H 28, 6 mobilitat taem IIH 366. mobilitate H

miseriorem (11132, 6

1,6.

misericordiam VH 26, 16 1111661661ἀί6 1661111161111106

Hffl,mfflffi,mffim

moderari IIII 33, 16. VH 75, 6

miseror miserantur VH 41, 16. mise· modestiam VH 52, 14

rabant tur 1 39, 19.
missuV27,³VI7,6.
6111661699Π43,164.
611111,,,1Ι216356 42,,,,1476 Π6,
76ΙΠ11116 11111116 21

16. V3, 19. 7, 16. 26, 19. 22, 1. 11. 36, 61οά6969116

9.46,.4.,..964861957,9.91 VI,.516
33,,936,,1149Π5,.99,,1.9451.1.1
m.fflmfflmffimssm.ffi,
11,.,.8719111, 1411166117,.;694
9116136111216111816 21
19. 91,16.,6,20 4,9Ι4,91ο.,664

16616116, 4. 18, 99. 19, 6, 43, 16 11

166911616111.11111611.
20,6.,4.256 931,41,,4119.43,11.
9141,.,.,68192764.35,64. 39,6,4,43
11. 9Π 52 6. 56, 11. 66, 16. 76, 16.
6,,1, 1211919121111
eiusmodi HI 13, 14. 29, 6, 9 27, 19
99, 16. huius 61611166691111
141,.1Π31,6. 1H13,1. 111117,
19.Ή,9.ἏἋ6Ἡ4Ἦ39
22,,6 11419116ΠΠ 17, 11. 27,6, 91

9,11.9115,64,41.43,6.11111161912114419Π20664641116616

20,6 mittant 194116 V110,4

(6939.) 911 14, 4

6 6111,1919147 14. 1Π4,6 9,66 moenibus (11111311 ΙΠ12,6 911

25, 11. mittendi ΙΠ 1,14, 111111

22,16.(6111.,,1Π66

6. mit 1161616134 ,,47 6 mittteren 616199 molibus (651.) HI 12,1.
9 55,6 9124, VH 11, ro. 34, 5. moleste 111, 16.
63,14. 61611414216.24,49.26,16.*61611166619134,6.

49,.,6506,52, 16.1Ι,.,292611.4 ΠΙ 6161116.3666115,1.

1, 9. 27,. 1Π1414,11. 37, 6. 38 9 9 mollien

611116119Π469

11162411. 9113516499 mise· 616111616111Π19, 16 molli (61116.)
1661127,6.ΙΙ,,26,286,31,9,ΠΠ 99,9.

27, 9. 38,411. 920, 11. 9132, 6. 9Π mollitia (99.) VH 77, 14.

75, 96. misisse VI 32, 6, miserati mollitiem VH 20, 14.

12, 14. H 5, 11. 311, VH 50, 6. 55, momentum (6661 9Π 85, 6. momento

6.,56 6 87, 6 miserant 118, 99. HII

(obl.) 911 39, 19.

16, 16 964,,6 919,6.61161646611111 Μο66ῒ1619134,9.
16, 11, V17, 6. misissent III 28,6, 1116691120, 16. V48,9. 9129, 16 911
6116661661 (61.1 147, 6. missuros H 9,.1 4619. 1666619927,66.61ο-

15, 14. mittitur V 27, 1 1611166-

11111126911112319

161Π123,,,694011.4.9114,636,111611916,,,,622125113811.9ΙΙ

14 VH86,.6 11111114,,4611611Π116
91121,,6 6111119Π31,16.1611416-

86566 696116161121 9138
11.9Π3616.46,.6 52, 16, 1696 em

 

