249

27,.,5294.5.,,,,.209289Π11895 91143,.,.,.,,95529Π2399275ΠΠ
99,.99’9,.,995“.9’991994,5’9, 99,.’,,949.,.,’94959,’995,’595,
19,,,5537 726,9.,,,3753999,7Ι 5,,.799999,,,,,9515523’9,29,95.
3857114599115125999 3293353494355497140
18;.9533,5’56,.9970,,9571,,,475 5.99.7119,9.86,,562,.9577,9.78,
9,89,5. 999919(αό1,)14,5,22,5. 27, 9.8,0 41. 8199 82 5
9,2,,,84319936919395495889118(59945914158155111,,52,5.,65,
ΙΙ3,,549,9,,5’13,,.,,9915531,12,.,,991395.9.,14,15,,517,4’18,
999324335Π169239285 5920422523992699927,
1111111741114434143714 428953199,.9995...595933,.995.
739414955199712913, 95499 394444404144444.
Q mnffl4.41444 ssmwssaemfflnffllssh
14:404. 9.3,.45,99,7,.99’8,,.,.5919999·
armamentis ΙΠ 14, 99 ΙΙΠ 29, 9. 99. 13, 9, 5 14, 4. 14. 15, 1. 14. 16, 4.
9999919995Π10,924,9 7116599. 17 1014 999920521922927 ,
80,9 28992999305319329933,
α99999999991ΠΠ32μ99 armandos 99,,1Π49.,,5595.6,99.7,.,584,5-
ΙΠ1957Π 315 9999919971, 999 (5951 1124 12,99,13,4,99. 14,
99, 414444114004004436104040. 5,,99 20595 21 1. 22,.9 24 99 14.
4.,.)V564 99199919(951.9’9.,)741 25, ,29,.51Π11,.1919.95.2’,94.4,
94, 99999911(9911,.7565 armatae 99 95599910 99 125999 99
(9559.11Π113,.,.97499 14414- 1359414 9515516 9917 95 14.
19111999Π13,.91’1ΙΙ1,.9’7Π42,94. 99185519999920992199.
99999119(91.99..’1’1,ΙΙ2749999999140, 4414. 23,5.,.994 25499 94 26 5.
14401044441111230 99999919Π4, 14. 14. 27, 4. 91, .32, 99 95 33,.95.
14..44 349937997192999395.
4999991595(991.1,,75399 VH7514. 5,447,14,41944104114.
arpagonum 7Π 81,1. 12, 5. 14. 13, 59 14, 4. 15, 9, 5. 9.
414144744727,4 2119, 16, 4. 14. 17, 4. 18, 9. 14 19, 5. 9920,
41111401473314 59219994225959525526,
00444454141144. 529,.99 325933959999 34
8919199 (91111 71214. 435, 4 36, 99. 37, 9. 14. 38,5, 43,
991111519191117Π29,4, artificiorum 55, 10, 14. 44, 99. 40. 99. 45,9 50,
71119, 105114531455114 57458,
5919999897Π23μ9991199ΠΠ17,5999999101953458595,
44. 99119999(55’5.17Π18,.9 99. 14. 44. 9,..599 99. 13411'414,
40444044114,184104414040444 ...999 13, 95. 14, 14. 15, 44. 16, 9,
VII 76,14, Aruernum VII 83,14. 17, 5, 4. 13, 10. 23, 421, 5, 22, 5 95,
49599991 (99117115 14. 8,14. 499959- 23, 99 14. 14. 24,.9 14. 215. 14. 28,
999999997Π3,99. 4484'44, 14. 99.29,5.5...949930,,5.3299.35,..999
75,,9 49959519(8.17Π7,9 75590, 95 37 99 953845539440543,
5,’.Α9959599131,9945571185. 5.5.99,,,,,,,.,954497Π193945,95,
95 345, 49959519 (9511 131, 14, 8,..599 9, 95.10,99.1,1 95. 4041. 99, 12,
7ΙΙ,5959,.,.,.,,9437538999566 9990151134.99.1’4,5..,5917 ,,18
977,9.89,9.,.909 59199209922590991249925,
044414410138144404711841 14 29 113 93259595 3355.
9955999191 7Π 47 41 44444344413'lffi 14 34, 4. 36, ,,95 37,5. 99. 38, 4. 4·
11219 74,.39 99559499517Π 14. 44. 40, 11 41, 4. 44, 14. 45, 99.
47, 40 ascenderant 41150, 0. 995999- 46, 1. 4 47, 14. 41. 48, 14. 50, 9. 52,
41999998,72697ΙΙ27,5, 99.94,,’,,.,’.549559999556,59.99,
9955991219 ,Π33, 9, (9817Π46μ9 57 99 58,9,99.,59 55 95 94 61,
ascensum 711 72, 14. 85, 11 44444411 99624. 9. 9965, 9595 66999967,
V32,.,47114544.,50'4.†86,.4 9705, 72,95,73,4, 9975999976,
aspectum 711 76, 95. 99555897 145, 9417, 14. 49. 78, 4. 44. 73, 999 (5951.
71156,1.4 80,.581,,9.84,488,5,.9589,9.
asperior 7 45,.1 (5915511164 (911Π1Ι2,5. 73,

 

